0.6427815911052654
0.6370168906107839
0.6390097336921953
0.6448398202135314
0.646280624447733
0.6418439846585691
0.6439676778669253
0.6435096305665423
0.6388264307084857
0.6422184421077038
0.628651296034913
0.6530000027265332
0.6379021918029183
0.6334397406075674
0.6315312955277923
0.6382330052385332
0.6312269740975591
0.6330016237618595
0.6337130922377252
0.6268869447505296
0.6458760458307587
0.6300219958181178
0.6450220197584338
0.6365400577817123
0.6362588177546395
0.6426129018676952
0.6496009984179172
0.6385209987866386
0.6317344557761757
0.6478012264252981
0.6416491089166967
0.6373454947040834
0.6248848043117321
0.6391364423806393
0.6421287728576031
0.6474777861231774
0.6416925411171867
0.6400635982423365
0.6303646344775405
0.6359920912560665
0.6466139744637697
0.6285158454137574
0.6529425209791004
0.6445111176299172
0.650742761647031
0.6441393304661214
0.6258872637383252
0.6317134652341101
0.6397869889005016
0.6426485576068468
0.6235954978161423
0.6463837140070655
0.6385590862084075
0.6282679829235195
0.641602480126009
